Optimal solution: (0.92, [45, 30, 30]) SA:  [45, 30, 30] 0.92 HC: [49, 1, 7] 0.84
Optimal solution: (0.92, [40, 10, 22]) SA:  [40, 10, 22] 0.92 HC: [49, 1, 23] 0.88
Optimal solution: (0.9, [3, 37, 8])    SA:  [3, 37, 8] 0.9 HC: [3, 37, 8] 0.9
Optimal solution: (0.88, [27, 2, 32]) SA:  [27, 2, 32] 0.88 HC: [8, 12, 9] 0.86
Optimal solution: (0.88, [11, 13, 8]) SA:  [20, 13, 8] 0.88 HC: [11, 13, 8] 0.88
Optimal solution: (0.88, [23, 44, 41]) SA:  [23, 44, 41] 0.88 HC: [36, 42, 6] 0.86
Optimal solution: (0.9, [31, 10, 39]) SA:  [31, 10, 39] 0.9 HC: [31, 10, 39] 0.9
Optimal solution: (0.88, [1, 15, 34]) SA:  [43, 44, 9] 0.88 HC: [1, 15, 34] 0.88
Optimal solution: (0.92, [8, 25, 48]) SA:  [8, 25, 48] 0.92 HC: [12, 4, 5] 0.88
Optimal solution: (0.88, [1, 5, 24]) SA:  [1, 25, 24] 0.88 HC: [1, 5, 24] 0.88
