0.715395010584845 0.715395010584845 0.68377223398316 0.7153950105848459
1. 1. 1. 1.0
0.68377223398316 0.68377223398316 0.68377223398316 0.683772233983162
0.652149457381478 0.652149457381478 0.652149457381478 0.6521494573814783
0.747017787186529 0.747017787186529 0.715395010584845 0.7470177871865297
1. 1. 0.715395010584845 1.0
0.68377223398316 0.68377223398316 0.68377223398316 0.683772233983162
0.620526680779794 0.620526680779794 0.620526680779794 0.6205266807797944
0.810263340389897 0.810263340389897 0.810263340389897 0.8102633403898972
1. 1. 1. 1.0
0.747017787186529 0.747017787186529 0.747017787186529 0.7470177871865297
0.778640563788213 0.778640563788213 0.778640563788213 0.7786405637882134
1. 1. 1. 1.0
1. 1. 1. 1.0
1. 1. 0.778640563788213 1.0
0.747017787186529 0.747017787186529 0.715395010584845 0.7470177871865297
0.810263340389897 0.810263340389897 0.810263340389897 0.8102633403898972
0.778640563788213 0.778640563788213 0.778640563788213 0.7786405637882134
1. 1. 1. 1.0
0.747017787186529 0.747017787186529 0.747017787186529 0.7470177871865297
0.810263340389897 0.810263340389897 0.810263340389897 0.8102633403898972
0.873508893593264 0.873508893593264 0.873508893593264 0.8735088935932649
1. 1. 1. 1.0
1. 1. 0.747017787186529 1.0
1. 1. 1. 1.0
1. 1. 1. 1.0
1. 1. 0.810263340389897 1.0
0.747017787186529 0.747017787186529 0.68377223398316 0.7470177871865297
1. 1. 0.747017787186529 1.0
0.810263340389897 0.810263340389897 0.810263340389897 0.8102633403898972
-------------------------------------------------33---------
0.794451952089055 0.794451952089055 0.747017787186529 0.7944519520890554
0.810263340389897 0.810263340389897 0.778640563788213 0.8102633403898972
0.747017787186529 0.747017787186529 0.747017787186529 0.7470177871865297
1. 1. 1. 1.0
0.715395010584845 0.715395010584845 0.715395010584845 0.7153950105848459
0.747017787186529 0.747017787186529 0.715395010584845 0.7470177871865297
0.747017787186529 0.747017787186529 0.68377223398316 0.7470177871865297
1. 1. 0.731206398885687 1.0
0.747017787186529 0.747017787186529 0.747017787186529 0.7470177871865297
0.731206398885687 0.731206398885687 0.715395010584845 0.7312063988856877
0.747017787186529 0.747017787186529 0.747017787186529 0.7470177871865297
0.715395010584845 0.715395010584845 0.715395010584845 0.7153950105848459
0.731206398885687 0.731206398885687 0.715395010584845 0.7312063988856877
0.69958362228400 0.69958362228400 0.69958362228400 0.699583622284004
0.762829175487371 0.762829175487371 0.762829175487371 0.7628291754873715
0.747017787186529 0.747017787186529 0.747017787186529 0.7470177871865297
0.747017787186529 0.747017787186529 0.68377223398316 0.7470177871865297
0.778640563788213 0.778640563788213 0.747017787186529 0.7786405637882134
0.762829175487371 0.762829175487371 0.715395010584845 0.7628291754873715
0.747017787186529 0.747017787186529 0.747017787186529 0.7470177871865297
0.794451952089055 0.794451952089055 0.794451952089055 0.7944519520890554
0.731206398885687 0.731206398885687 0.731206398885687 0.7312063988856877
0.778640563788213 0.778640563788213 0.762829175487371 0.7786405637882134
0.762829175487371 0.762829175487371 0.762829175487371 0.7628291754873715
1. 1. 0.762829175487371 1.0
0.762829175487371 0.762829175487371 0.747017787186529 0.7628291754873715
0.778640563788213 0.778640563788213 0.69958362228400 0.7786405637882134
0.731206398885687 0.731206398885687 0.731206398885687 0.7312063988856877
0.762829175487371 0.762829175487371 0.762829175487371 0.7628291754873715
0.731206398885687 0.731206398885687 0.731206398885687 0.7312063988856877
-----------------------------34----------------------------
0.768099638254318 0.768099638254318 0.747017787186529 0.7680996382543188
0.757558712720424 0.757558712720424 0.747017787186529 0.7575587127204242
0.73647686165263 0.73647686165263 0.73647686165263 0.736476861652635
0.725935936118740 0.725935936118740 0.725935936118740 0.7259359361187405
0.747017787186529 0.747017787186529 0.747017787186529 0.7470177871865296
0.725935936118740 0.725935936118740 0.725935936118740 0.7259359361187405
0.715395010584845 0.715395010584845 0.715395010584845 0.7153950105848459
0.768099638254318 0.768099638254318 0.768099638254318 0.7680996382543188
0.725935936118740 0.725935936118740 0.704854085050951 0.7259359361187405
0.84188611699158 0.84188611699158 0.84188611699158 0.841886116991581
0.778640563788213 0.778640563788213 0.73647686165263 0.7786405637882134
0.799722414856002 0.799722414856002 0.799722414856002 0.7997224148560026
0.73647686165263 0.73647686165263 0.73647686165263 0.736476861652635
0.768099638254318 0.768099638254318 0.768099638254318 0.7680996382543188
0.768099638254318 0.768099638254318 0.768099638254318 0.7680996382543188
0.757558712720424 0.757558712720424 0.747017787186529 0.7575587127204242
0.715395010584845 0.715395010584845 0.715395010584845 0.7153950105848459
0.778640563788213 0.778640563788213 0.778640563788213 0.7786405637882134
0.757558712720424 0.757558712720424 0.757558712720424 0.7575587127204242
0.757558712720424 0.757558712720424 0.757558712720424 0.7575587127204242
0.715395010584845 0.715395010584845 0.673231308449267 0.7153950105848459
0.747017787186529 0.747017787186529 0.747017787186529 0.7470177871865296
0.778640563788213 0.778640563788213 0.778640563788213 0.7786405637882134
0.757558712720424 0.757558712720424 0.747017787186529 0.7575587127204242
0.778640563788213 0.778640563788213 0.778640563788213 0.7786405637882134
0.757558712720424 0.757558712720424 0.757558712720424 0.7575587127204242
0.757558712720424 0.757558712720424 0.757558712720424 0.7575587127204242
0.704854085050951 0.704854085050951 0.694313159517056 0.7048540850509513
0.799722414856002 0.799722414856002 0.799722414856002 0.7997224148560026
0.768099638254318 0.768099638254318 0.747017787186529 0.7680996382543188
