Optimal solution: (0.92, [45, 30, 30]) SA:  [45, 30, 30] 0.92 HC: [49, 1, 7] 0.84
Optimal solution: (0.92, [40, 10, 22]) SA:  [40, 10, 22] 0.92 HC: [49, 1, 23] 0.88
Optimal solution: (0.9, [3, 37, 8])    SA:  [3, 37, 8] 0.9 HC: [3, 37, 8] 0.9
Optimal solution: (0.88, [27, 2, 32]) SA:  [27, 2, 32] 0.88 HC: [8, 12, 9] 0.86
Optimal solution: (0.88, [11, 13, 8]) SA:  [20, 13, 8] 0.88 HC: [11, 13, 8] 0.88
Optimal solution: (0.88, [23, 44, 41]) SA:  [23, 44, 41] 0.88 HC: [36, 42, 6] 0.86
Optimal solution: (0.9, [31, 10, 39]) SA:  [31, 10, 39] 0.9 HC: [31, 10, 39] 0.9
Optimal solution: (0.88, [1, 15, 34]) SA:  [43, 44, 9] 0.88 HC: [1, 15, 34] 0.88
Optimal solution: (0.92, [8, 25, 48]) SA:  [8, 25, 48] 0.92 HC: [12, 4, 5] 0.88
Optimal solution: (0.88, [1, 5, 24]) SA:  [1, 25, 24] 0.88 HC: [1, 5, 24] 0.88


1.0   1.0   0.88
1.0   1.0   0.92
1.0   1.0   0.84
0.88   0.88   0.88
1.0   1.0   0.9
0.92   0.92   0.92
0.96   0.96   0.9
1.0   1.0   0.88
0.88   0.88   0.84
0.92   0.92   0.86



{0: [3, 4, 12, 16, 17, 23, 24, 25, 29], 1: [5, 9, 17, 18, 21, 27], 2: [2, 8, 19, 21, 26], 3: [6, 11, 15, 16, 22, 26], 4: [0, 3, 4, 5, 10, 27, 28]}
 Temperature        Energy    Accept   Improve     Elapsed   Remaining
0.7   0.7   0.6799999999999999
{0: [4, 6, 10, 14, 17, 26, 27], 1: [0, 1, 3, 4, 7, 8, 12, 17, 22, 25, 28], 2: [0, 1, 2, 4, 5, 9, 10, 12, 13, 16, 18, 19, 21, 22, 25, 28], 3: [2, 8, 9, 10, 21, 24], 4: [2, 7, 8, 14, 18, 20, 21, 23, 24, 26]}
 Temperature        Energy    Accept   Improve     Elapsed   Remaining
0.76   0.76   0.74
{0: [1, 27, 28, 29], 1: [0, 6, 9, 10, 13, 17, 23, 29], 2: [1, 2, 13, 18, 20, 22, 25, 26, 28], 3: [7, 8, 9, 12], 4: [0, 3, 4, 5, 7, 11, 12, 15, 16, 23]}
 Temperature        Energy    Accept   Improve     Elapsed   Remaining
0.76   0.76   0.72
{0: [0, 3, 4, 5, 7, 11, 13, 15, 29], 1: [4, 10, 13, 14, 16, 27, 29], 2: [3, 8, 9, 12, 21, 22], 3: [0, 5, 10, 11, 14, 17, 19, 21, 28], 4: [0, 2, 3, 8, 12, 14, 16, 21, 22, 24, 29]}
 Temperature        Energy    Accept   Improve     Elapsed   Remaining
0.74   0.74   0.74
{0: [0, 4, 5, 7, 11, 15, 17, 18, 20, 21, 28], 1: [13, 25, 26], 2: [1, 3, 5, 7, 9, 12, 20, 21, 23], 3: [0, 2, 6, 7, 22, 24, 29], 4: [0, 1, 8, 10, 16, 21, 24, 26, 27, 29]}
 Temperature        Energy    Accept   Improve     Elapsed   Remaining
0.7   0.7   0.7
{0: [0, 2, 8, 14, 16, 19, 22, 24, 25, 26, 29], 1: [1, 7, 8, 10, 12, 18, 20, 21, 28, 29], 2: [13, 14, 16, 17, 18, 22, 25], 3: [2, 3, 6, 7, 10, 15, 19, 23, 26], 4: [1, 5, 8, 15, 17, 20, 21, 22, 28]}
 Temperature        Energy    Accept   Improve     Elapsed   Remaining
0.78   0.78   0.76
{0: [2, 11, 16, 20, 21, 22], 1: [0, 8, 11, 20, 27], 2: [2, 3, 5, 6, 8, 9, 12, 14, 16, 18, 22, 24, 29], 3: [0, 6, 13, 15, 17, 21, 23], 4: [2, 3, 4, 5, 8, 9, 12, 22, 24, 26, 28]}
 Temperature        Energy    Accept   Improve     Elapsed   Remaining
0.78   0.78   0.78
{0: [1, 2, 5, 7, 10, 15, 18, 24, 27, 29], 1: [0, 3, 10, 12, 14, 17, 19], 2: [1, 2, 3, 5, 6, 9, 11, 15, 17, 19, 23, 26, 28], 3: [8, 11, 12, 14, 17, 18, 26], 4: [3, 4, 5, 7, 9, 13, 16, 23, 29]}
 Temperature        Energy    Accept   Improve     Elapsed   Remaining
0.76   0.74   0.74
{0: [2, 5, 9, 10, 12, 20, 25, 26, 29], 1: [6, 8, 10, 13, 22, 25, 27], 2: [2, 6, 9, 12, 16, 17, 21, 23, 29], 3: [0, 4, 5], 4: [0, 3, 4, 5, 12, 14, 15, 16, 18]}
 Temperature        Energy    Accept   Improve     Elapsed   Remaining
0.7   0.7   0.64
{0: [0, 8, 20, 22], 1: [3, 5, 6, 7, 10, 13, 16, 25], 2: [1, 7, 10], 3: [4, 8, 9, 10, 15, 22, 25, 27, 29], 4: [0, 1, 2, 12, 18, 19, 26, 29]}
 Temperature        Energy    Accept   Improve     Elapsed   Remaining
0.74   0.74   0.74
