0.92 0.92
0.92 0.9
0.9 0.86
0.9 0.86
0.92 0.88
1.0 0.88
0.92 0.88
0.92 0.84
0.92 0.92
1.0 0.9
0.92 0.92
0.92 0.88
1.0 0.88
0.92 0.88
0.92 0.86
0.92 0.92
0.94 0.94
1.0 0.88
0.92 0.9
0.96 0.9
0.9 0.9
0.92 0.9
0.94 0.88
0.92 0.84
1.0 0.88
0.96 0.88
0.94 0.9
0.92 0.88
0.94 0.94
0.96 0.88
0.92 0.86
1.0 0.92
1.0 0.88
0.92 0.92
0.92 0.92
0.9 0.88
1.0 0.88
0.92 0.88
0.88 0.88
0.92 0.92
0.92 0.88
0.92 0.84
0.92 0.92
0.9 0.9
0.92 0.86
1.0 0.96
0.92 0.88
0.92 0.9
0.92 0.86
0.92 0.88
0.92 0.9
0.92 0.92
1.0 0.9
0.94 0.92
0.9 0.9
0.96 0.92
0.9 0.9
1.0 0.86
0.92 0.84
0.92 0.9
0.96 0.94
0.9 0.88
1.0 0.88
0.92 0.88
0.96 0.84
1.0 0.96
0.9 0.86
0.92 0.9
0.92 0.9
0.92 0.8200000000000001
0.96 0.96
0.92 0.88
0.92 0.84
0.92 0.9
0.94 0.86
1.0 0.88
0.9 0.9
0.94 0.84
0.9 0.84
0.92 0.88
0.92 0.9
1.0 0.8200000000000001
0.92 0.88
0.92 0.92
1.0 1.0
0.92 0.9
1.0 0.92
0.9 0.86
0.96 0.86
0.9 0.88
1.0 0.88
0.92 0.9
0.94 0.94
0.92 0.92
0.92 0.88
0.92 0.92
0.92 0.9
0.9 0.9
0.92 0.92
0.92 0.88

